z	fecha	andina	besalco	santander	igpa
1	06-07-2012 0:00	2750	868	37,69	21127,37
2	13-07-2012 0:00	2819,6	815,11	37	20984,85
3	20-07-2012 0:00	2800	790	37,18	21034,89
4	27-07-2012 0:00	2800	798,45	36,87	20560,61
5	03-08-2012 0:00	2754	790	34,5	20295,59
6	10-08-2012 0:00	2693,7	769,99	34,96	20249,42
7	17-08-2012 0:00	2666	815,95	35,84	20578,78
8	24-08-2012 0:00	2504,1	802,58	34,93	20301,26
9	31-08-2012 0:00	2626,1	818,6	34,4	20176,31
10	07-09-2012 0:00	2615	840	34,12	20249,82
11	14-09-2012 0:00	2720,2	865,11	33,11	20486,1
12	21-09-2012 0:00	2829,6	885,84	33,63	20557,48
13	28-09-2012 0:00	2735	851,5	33,55	20551,46
14	05-10-2012 0:00	2756	906,75	34,78	20885,45
15	12-10-2012 0:00	2880	885,99	32,97	20778,44
16	19-10-2012 0:00	3100	870	33,08	20871,64
17	26-10-2012 0:00	3029,9	886	33,19	20835,73
18	31-10-2012 0:00	3041,5	875,87	33,13	20910,93
19	09-11-2012 0:00	3006,4	867,09	32,34	20736,35
20	16-11-2012 0:00	3044,9	867	31,76	20539,78
21	23-11-2012 0:00	3030	848	32,08	20365,27
22	30-11-2012 0:00	3084,6	807,89	32,44	20323,85
23	07-12-2012 0:00	3093,1	800,2	32,05	20322,68
24	14-12-2012 0:00	3040	823,33	33,29	20854,97
25	21-12-2012 0:00	3053,8	840,62	33,89	21002,39
26	28-12-2012 0:00	3011,7	874,82	33,72	21070,28
27	04-01-2013 0:00	3001,5	884,78	33,95	21462,16
28	11-01-2013 0:00	3043,5	897,46	35,31	21676,41
29	18-01-2013 0:00	3033,7	890	35,68	22030,33
30	25-01-2013 0:00	3070	873	35,59	21966,79
31	01-02-2013 0:00	3170,3	895	36,23	22219,83
32	08-02-2013 0:00	3203,8	857	35,5	22280,73
33	15-02-2013 0:00	3295,2	860,08	35,4	22335,33
34	22-02-2013 0:00	3182,2	845	34,74	22150,75
35	01-03-2013 0:00	3253,3	896,9	34,76	22284,57
36	08-03-2013 0:00	3198,8	884	35,05	22122,69
37	15-03-2013 0:00	3192,1	879,6	34,7	21635,44
38	22-03-2013 0:00	3137,8	882,66	34,33	21777,07
39	28-03-2013 0:00	3163	879	33,41	21698,32
40	05-04-2013 0:00	3180	870	32,07	21041,48
41	12-04-2013 0:00	3075	897,51	32,38	21271,46
42	19-04-2013 0:00	3129,8	865	32,25	21114,52
43	26-04-2013 0:00	3146,8	842,92	31,31	21042,43
44	03-05-2013 0:00	3198,6	849,99	32,09	21293,3
45	10-05-2013 0:00	3176,8	880	31,63	21185,52
46	17-05-2013 0:00	3159,5	881	31,44	20915,81
47	24-05-2013 0:00	3095,5	864,45	31,23	20674,67
48	31-05-2013 0:00	3177,2	824,4	30,7	20681,45
49	07-06-2013 0:00	3060,2	808	30,02	20388,5
50	14-06-2013 0:00	2976,8	777,93	29,54	19832,09
51	21-06-2013 0:00	2882,7	778,32	28,78	19162,59
52	28-06-2013 0:00	2909,5	727,47	31,25	19861,1
53	05-07-2013 0:00	2889,8	711,19	28,99	19019,5
54	12-07-2013 0:00	2831,1	653	28,9	18608,65
55	19-07-2013 0:00	2751,2	685,46	30,09	19115,33
56	26-07-2013 0:00	2651,8	635,1	29,09	18923,47
57	02-08-2013 0:00	2752	618,47	31,22	18789,28
58	09-08-2013 0:00	2782	581,09	30,6	18639,66
59	16-08-2013 0:00	2795,1	550	29,65	18427,93
60	23-08-2013 0:00	2653,2	535	29,11	18146,52
61	30-08-2013 0:00	2599	519,93	28,52	17993,73
62	06-09-2013 0:00	2845	633,61	31,38	18691,57
63	13-09-2013 0:00	2870,2	630	31,23	18676,73
64	17-09-2013 0:00	2795,2	630	31,64	18809,58
65	27-09-2013 0:00	2772,3	696,26	33,09	19028,3
66	04-10-2013 0:00	2802,1	744,23	32,53	18876,06
67	11-10-2013 0:00	2873	744	32,12	18876,65
68	18-10-2013 0:00	2906,8	740	32,09	18961,66
69	25-10-2013 0:00	2851,2	740,51	31,3	19102,57
70	30-10-2013 0:00	2888,3	720,22	31,48	19242,04
71	08-11-2013 0:00	2844,9	605,38	30,02	18928,25
72	15-11-2013 0:00	2601,4	629,6	29,81	18703,04
73	22-11-2013 0:00	2623,3	589,98	29,05	18425,46
74	29-11-2013 0:00	2638,3	575,29	30,08	18599,86
75	06-12-2013 0:00	2486,8	570,02	29,01	18235,75
76	13-12-2013 0:00	2350,5	564,89	28,42	18071,66
77	20-12-2013 0:00	2522,6	570,73	29,95	18198,87
78	27-12-2013 0:00	2459	563,17	30,28	18205,99
79	03-01-2014 0:00	2471,7	560,73	30,56	18233,22
80	10-01-2014 0:00	2270,2	524,94	28,93	17926,38
81	17-01-2014 0:00	2270,1	503,24	30,01	18266,88
82	24-01-2014 0:00	2064,2	474,49	29,32	17815,17
83	31-01-2014 0:00	2067,9	455	27,91	17123,06
84	07-02-2014 0:00	1921,5	437,79	28,48	17349,84
85	14-02-2014 0:00	2031,7	427,01	30,49	18102,4
86	21-02-2014 0:00	2071,4	455	29,41	17937,65
87	28-02-2014 0:00	2164,3	504,51	30,21	18342,81
88	07-03-2014 0:00	2086,4	510	30,95	18258,48
89	14-03-2014 0:00	1998,1	479,48	30,04	17891,01
90	21-03-2014 0:00	1926,7	520,15	31,16	18049,07
91	28-03-2014 0:00	2027,8	520	31,8	18496,74
92	04-04-2014 0:00	2104,9	501,56	32,08	18527,12
93	11-04-2014 0:00	2247,7	491	33,24	18936,36
94	17-04-2014 0:00	2320,5	495	32,84	19101,01
95	25-04-2014 0:00	2173,9	495	32,25	18840,91
96	02-05-2014 0:00	2284,8	500,15	34,84	19261,29
97	09-05-2014 0:00	2250	485	34,99	19151,74
98	16-05-2014 0:00	2216,8	460	34,69	19381,99
99	23-05-2014 0:00	2159,3	480	35,07	19336,89
100	30-05-2014 0:00	2311,7	465	34,31	19103,01
101	06-06-2014 0:00	2285,8	422,02	35,27	19200,27
102	13-06-2014 0:00	2181,9	400	36,4	18886,37
103	20-06-2014 0:00	2133,7	389,31	36,53	18903,96
104	27-06-2014 0:00	2082,9	372	36,74	18899,54
105	04-07-2014 0:00	2097,5	375	35,8	18925,47
106	11-07-2014 0:00	2078,6	420,01	37,2	19317,54
107	18-07-2014 0:00	2096,7	396,9	37,03	19209,92
108	25-07-2014 0:00	2039,5	404,99	37,1	19104,06
109	01-08-2014 0:00	2005	385,5	36,57	19059,82
110	08-08-2014 0:00	1966,4	395,57	36,69	19009,78
111	14-08-2014 0:00	1996,5	395	36,57	19242,79
112	22-08-2014 0:00	1921,8	391	35,27	19234,94
113	29-08-2014 0:00	1938,6	404,74	35,04	19422,77
114	05-09-2014 0:00	1946,5	418	35,28	19723,56
115	12-09-2014 0:00	1901,5	425	34,68	19391,95
116	17-09-2014 0:00	1883	432	34,07	19552,93
117	26-09-2014 0:00	1938,8	415	33,69	19336,98
118	03-10-2014 0:00	1946,2	429	32,98	19168,92
119	10-10-2014 0:00	1881,2	422	32,59	18811,48
120	17-10-2014 0:00	1866	411,08	31,25	18510,78
121	24-10-2014 0:00	1839,8	386	31,12	18763,56
122	30-10-2014 0:00	1831,5	385	30,6	18842,72
123	07-11-2014 0:00	1816,5	393,99	32,89	18986,4
124	14-11-2014 0:00	1796	372,1	33,28	19109,2
125	21-11-2014 0:00	1804,9	386	34,08	19422,44
126	28-11-2014 0:00	1855,4	386,8	33,07	19457,82
127	05-12-2014 0:00	1871,7	381	32,39	19357,98
128	12-12-2014 0:00	1769,5	361	30,55	18674,67
129	19-12-2014 0:00	1751,4	350	30,44	18692,54
130	26-12-2014 0:00	1735,1	350	30,24	18727,92
131	02-01-2015 0:00	1721,9	350	30,03	18870,2
132	09-01-2015 0:00	1665	339,9	30,7	18608,54
133	16-01-2015 0:00	1701,2	317,59	29,52	18378,88
134	23-01-2015 0:00	1795,2	311	31,64	18893,45
135	30-01-2015 0:00	1784,4	311,92	30,09	18761,3
136	06-02-2015 0:00	1790,3	303	31,89	19216,59
137	13-02-2015 0:00	1696,8	334	31,05	19358,51
138	20-02-2015 0:00	1781,8	364	31,23	19430,81
139	27-02-2015 0:00	1722,6	358	32,41	19357,66
140	06-03-2015 0:00	1796,5	366,89	32,89	19163,92
141	13-03-2015 0:00	1626	360	31,99	18707,67
142	20-03-2015 0:00	1606,6	342,31	33,5	18937,08
143	27-03-2015 0:00	1594,9	330	33,45	18957,1
144	02-04-2015 0:00	1653,4	324	34,46	19295,13
145	10-04-2015 0:00	1654,9	319,56	34,58	19592,46
146	17-04-2015 0:00	1649,6	317,68	34,07	19518,29
147	24-04-2015 0:00	1733,9	319	33,2	19748,94
148	30-04-2015 0:00	1940,4	319	32,93	19625,34
149	08-05-2015 0:00	2023,3	309,98	33,01	19886,14
150	15-05-2015 0:00	2096,1	312,99	33,43	19936,17
151	22-05-2015 0:00	2167,9	311,99	33,52	19718,56
152	29-05-2015 0:00	1971	314,9	33,29	19662,2
153	05-06-2015 0:00	2046,3	294,51	32,38	19328,08
154	12-06-2015 0:00	2081	284,96	32,61	19270,15
155	19-06-2015 0:00	2043,7	279,98	32,18	18965,16
156	26-06-2015 0:00	2098,6	276,1	32,14	18924,72
157	03-07-2015 0:00	2039	284,44	31,44	18752,64
158	10-07-2015 0:00	2098,8	275	33,17	18891,62
159	17-07-2015 0:00	2066	268	33,27	18957,65
160	24-07-2015 0:00	1870,4	266,22	33,14	18703,05
161	31-07-2015 0:00	1915,6	257,99	33,96	18833,52
162	07-08-2015 0:00	1922,2	258,64	34,02	18781,66
163	14-08-2015 0:00	1872,1	255	33,68	18513,95
164	21-08-2015 0:00	2158,1	240	32,87	18107,09
165	28-08-2015 0:00	2331,3	260	33,3	18546,02
